1000640
1001825
1002465
1009796
1010778
1011146
1011588
1014641
1015389
1019511
1025491
1043129
1053302
1053760
1055763
1055852
1056115
1061119
1061445
1061682
1064681
1064940
1066153
1066439
1068024
1068229
1069489
1073079
1073699
1073877
1074751
1075365
1076851
1077090
1079212
1080067
1080563
1080581
1083392
1083481
1086200
1088319
1089404
1091042
1091328
1097059
1099884
1101587
1101714
1103245
1103253
1105051
1108913
1109367
1109499
1109537
1110101
1113097
1113194
1115146
1117912
1119771
1121278
1122861
1123017
1123483
1124234
1129554
1133731
1137360
1139347
1140711
1142089
1143409
1143514
1144308
1145551
1145789
1148753
1149105
1149490
1152009
1152491
1152629
1153862
1154648
1155806
1156421
1301241
4008715
4010078
4010981
4015894
4026179
4028910
4030771
4035623
4043626
4053850
4060229
4062752
4064674
4070011
4070291
4071931
4072383
4072693
5003751
5011167
5012945
5032822
5032849
5035082
5037638
5038626
5048516
5053242
5057175
5073243
5074460
5088488
5115094
5117976
5120861
5122074
5123704
5136180
5137500
5141974
5149681
5164907
5170281
5183618
5192234
5195942
5195977
5212871
5213053
5215366
5216710
5220084
5227267
5233501
5239931
5245516
5250552
5252288
5252891
5253136
5253187
5253667
5253918
5254248
5254264
5254302
5254388
5254418
5254574
5254612
5254655
5254760
5255104
5255295
5255309
5255333
5255473
5255600
5255767
5258197
5258944
5259959
5260086
5260949
5261082
5261139
5262089
5336941
7001185
7011032
7018975
7025319
7029381
7030525
200000063
200001388
200002473
200003666
200004913
200005741
200006071
200006193
200006991
200008102
200008692
200008757
200010204
200013777
200014481
200014617
200014625
200014765
200014994
200015168
200016040
200016687
200017292
200017683
200017713
200017721
200018302
200018523
200018681
200018787
200018892
200019376
200020218
200020269
200020536
200021311
200021591
200022946
200024353
200024450
200024752
200024949
200025104
200025619
200025661
200026879
200027735
200028545
200029592
200030582
200030841
200030884
200031740
200031961
200032461
200032550
200032879
200033212
200033271
200033522
200033646
200033816
200034383
200035231
200035592
200035851
200035924
200036343
200037447
200037587
200037684
200038397
200038801
200040472
200040871
200040898
200041381
200041568
200041649
200042262
200042386
200042424
200042831
200042912
200043137
200047396
200047566
200048041
200061240
200071270
200100671
200100785
200102109
200102397
200102818
200103067
200103407
200103571
200103946
200104217
200104349
200106325
200106619
200106651
200107291
200107348
200107534
200107658
200107828
200107951
200108107
200108441
200108492
200108778
200108808
200109774
200110251
200110705
200111035
200111515
200113021
200113623
200113976
200114468
200114719
200115669
200115731
200116665
200117963
200119028
200119184
200119699
200121219
200122479
200123696
200123947
200124511
200124641
200125151
200125222
200125818
200126156
200126318
200126581
200127101
200127136
200129643
200130374
200133421
200134469
200136534
200137832
200137905
200137964
200141945
200147072
200149636
200200879
200201824
200202022
200202421
200203150
200204513
200204823
200205730
200206354
200206575
200206664
200207199
200207271
200207342
200207393
200207474
200207687
200208586
200209167
200211463
200212461
200212737
200213059
200213301
200213903
200214195
200215051
200215426
200216041
200216090
200216163
200217003
200217518
200217526
200217811
200217976
200218530
200219091
200219278
200221728
200222821
200224093
200224646
200224948
200226177
200226185
200226193
200226673
200226800
200227807
200228048
200228056
200228099
200228171
200228250
200228323
200228900
200230662
200234560
200239503
200239546
200239570
200239635
200239732
200239775
200239864
200239899
200239961
200239996
200240056
200240137
200240201
200240307
200240331
200240471
200240501
200240528
200240706
200240897
200240986
200241036
200241060
200241109
200241176
200241303
200241311
200241321
200241338
200241435
200241753
200242016
200244248
200251491
200254081
200254154
200255479
200255738
200255754
200256742
200261584
200262165
200262191
200262238
200262319
200262335
200262343
200262671
200262750
200262769
200262793
200262841
200262858
200262955
200262998
200263056
200263080
200263129
200263145
200263188
200263420
200263501
200263609
200263692
200263722
200263765
200263803
200263978
200264052
200264117
200264133
200264222
200264370
200264400
200264486
200264494
200264516
200264532
200264540
200264575
200264656
200264664
200264702
200264745
200264893
200265040
200265393
200265504
200265725
200265814
200265865
200265921
200265989
200266055
200266160
200266187
200266322
200266349
200266357
200266421
200266446
200266675
200266780
200266918
200266942
200266950
200266993
200267167
200267256
200267388
200267450
200267523
200267736
200267787
200267795
200268007
200268015
200268082
200268120
200268244
200268511
200268597
200268661
200268716
200268724
200268732
200268759
200268831
200268880
200268910
200268929
200268945
200268961
200269097
200269186
200269283
200269291
200269305
200269402
200269607
200269666
200269828
200269844
200269860
200269879
200269887
200269917
200275488
200301543
200301586
200301721
200304070
200304471
200304534
200304984
200305344
200305697
200305913
200307312
200307428
200308858
200308904
200309651
200310321
200310331
200311263
200312030
200313371
200314629
200314696
200315846
200317016
200317148
200317210
200317601
200318306
200318462
200319337
200319523
200320076
200320432
200320564
200321382
200321498
200322095
200322311
200322710
200322801
200323288
200323369
200323441
200323687
200324535
200325450
200325469
200325493
200325851
200325868
200326023
200326503
200326740
200327089
200329091
200329626
200330985
200334387
200335545
200338218
200338277
200338846
200339125
200340239
200341138
200341170
200342411
200343051
200343701
200344579
200345338
200345451
200348078
200348159
200348280
200348752
200349147
200349554
200350021
200351516
200351631
200352717
200353187
200353217
200353950
200354371
200355333
200355848
200356003
200356623
200357530
200357891
200357913
200360574
200366769
200370472
200372998
200373341
200373943
200374524
200375539
200378309
200379437
200379852
200400452
200400460
200400861
200401122
200401432
200401459
200402064
200402137
200402277
200402633
200402897
200403478
200403648
200403877
200404131
200404751
200404830
200404865
200404881
200405039
200405470
200405519
200405772
200406000
200406485
200406779
200407015
200407295
200407351
200407686
200407880
200408021
200408356
200408542
200408811
200408836
200408879
200408976
200409239
200409263
200409433
200410148
200410504
200410660
200410695
200410989
200411225
200411616
200412035
200412388
200412442
200412469
200412612
200412868
200412876
200412922
200413279
200413600
200413996
200414003
200414208
200414641
200414879
200415107
200415174
200415328
200415336
200415700
200415786
200415859
200415999
200416057
200416324
200416448
200417215
200417274
200417691
200418165
200418564
200419110
200419552
200421360
200421883
200424408
200426354
200426461
200427334
200427350
200427687
200428128
200428586
200429116
200429231
200430130
200430416
200430841
200430998
200432699
200434225
200434284
200438281
200438298
200439669
200442090
200442902
200443070
200446568
200447661
200447947
200449575
200450689
200452916
200453548
200454201
200455151
200456751
200456989
200457861
200458116
200458167
200458337
200458639
200459082
200462466
200462717
200462946
200464515
200464991
200465147
200467328
200467492
200467875
200468308
200469071
200469339
200469551
200469614
200470043
200470795
200471015
200472399
200472410
200473964
200475754
200476351
200477757
200478567
200479482
200479520
200480650
200480911
200481037
200481606
200482386
200484419
200600397
200601024
200601199
200602292
200602314
200602500
200602667
200603371
200606123
200606905
200607332
200608908
200609688
200610236
200610414
200610457
200610910
200611951
200611992
200612484
200613073
200613170
200613847
200614118
200614169
200614819
200615025
200616366
200616765
200617966
200618202
200619357
200620193
200620746
200620789
200623052
200623435
200624601
200624687
200624776
200625470
200625861
200625871
200626876
200627600
200627783
200628232
200628968
200629603
200629832
200630131
200630393
200630407
200630849
200630970
200633481
200633491
200635530
200635621
200635972
200639196
200645651
200646974
200647547
200647891
200648357
200648578
200649612
200651714
200652206
200652796
200653814
200654934
200655132
200656627
200657259
200658115
200659278
200661116
200662945
200663771
200664514
200664530
200665448
200666266
200666398
200666444
200666843
200667076
200667734
200669974
200670247
200672355
200672568
200673610
200673637
200673971
200675524
200675737
200676075
200680064
200680684
200683454
200683519
200685511
200686781
200686798
200700278
200700693
200702701
200703341
200703439
200703544
200703730
200703978
200705148
200705822
200706365
200706519
200706780
200707604
200707728
200708856
200709747
200710540
200710826
200710982
200712314
200712861
200713264
200713612
200713892
200714661
200714872
200715003
200717006
200717235
200718959
200719335
200719475
200720112
200720244
200720414
200720678
200721623
200722433
200722565
200723464
200723553
200723669
200723685
200723715
200724101
200725033
200725386
200725531
200726080
200726498
200726803
200726927
200727011
200727109
200727257
200727362
200727540
200727958
200729284
200729845
200730827
200731033
200731068
200731432
200731531
200731637
200731696
200731815
200731939
200732013
200732706
200733397
200733842
200733958
200734261
200734301
200735251
200735616
200735713
200736205
200736221
200736655
200737120
200737351
200737491
200737546
200737902
200738003
200738062
200738291
200738755
200740921
200741314
200741373
200741632
200742401
200742434
200742620
200742698
200742809
200742868
200742884
200743104
200743740
200744046
200745603
200746561
200746855
200746944
200747150
200747347
200747568
200748068
200749889
200749943
200750240
200751107
200751336
200751980
200752741
200753908
200754386
200754671
200755617
200756788
200756966
200759159
200760564
200761161
200763229
200765027
200765051
200765558
200766392
200766491
200767070
200767771
200768921
200770624
200771191
200774220
200774638
200776606
200777262
200777327
200777637
200778331
200778358
200779036
200782495
200782843
200783815
200785214
200785303
200785346
200786458
200786938
200787764
200788027
200788507
200789041
200789791
200791141
200792504
200794728
200795651
200795740
200796704
200804766
200804960
200808249
200809172
200810456
200810774
200811861
200814427
200815245
200816209
200816861
200820079
200820230
200820427
200821229
200822667
200823280
200823590
200823663
200824414
200824430
200826931
200827219
200827308
200827499
200827863
200828584
200829394
200830317
200830368
200831054
200831925
200831992
200832441
200836609
200836714
200837192
200837346
200838148
200838830
200838857
200839101
200840517
200841981
200842285
200842897
200843532
200843540
200845993
200846027
200847120
200847260
200847831
200849174
200849336
200849700
200850121
200850652
200850725
200851055
200851403
200851934
200852231
200853661
200853724
200854178
200857304
200858671
200859927
200860021
200860070
200862286
200863533
200863551
200863606
200863649
200863886
200864556
200864637
200865382
200865498
200866028
200869671
200869868
200870084
200870246
200870297
200870629
200871463
200872397
200872621
200872710
200872796
200873245
200874233
200874365
200876139
200876333
200877569
200877811
200877909
200878107
200878409
200878506
200878808
200878964
200879286
200880403
200880764
200881256
200881434
200881647
200881752
200882333
200882740
200883569
200883925
200884271
200884336
200885162
200885324
200885707
200885952
200886525
200886649
200887173
200887327
200887785
200887981
200888250
200888277
200888943
200889044
200889257
200890026
200890166
200891091
200891200
200891332
200891502
200891790
200892215
200892347
200894218
200894420
200895508
200896301
200896377
200896806
200897357
200897391
200897462
200898019
200898418
200898647
200899007
200899503
200900374
200900668
200901346
200901656
200901869
200901923
200902946
200903845
200904124
200904711
200904779
200904795
200905155
200906186
200907141
200907182
200907301
200908251
200909568
200909770
200910841
200910957
200911104
200911252
200912011
200912445
200912666
200913786
200913921
200914286
200915411
200916742
200917196
200917366
200917838
200918532
200919016
200919067
200920091
200920383
200922963
200923285
200923471
200923587
200923811
200924133
200925059
200925385
200925938
200926497
200927329
200927371
200927809
200927851
200928392
200928600
200929100
200929283
200930648
200930958
200930974
200933299
200934430
200934910
200934929
200934937
200936247
200936603
200936689
200936891
200937571
200939009
200939203
200939564
200940351
200940821
200941690
200942271
200943103
200944118
200944282
200944835
200945602
200945874
200946013
200946730
200947303
200948131
200948318
200948466
200948709
200949772
200950754
200950762
200951221
200951671
200951807
200952511
200953273
200953559
200954024
200954921
200955535
200956752
200957058
200957570
200957821
200959085
200959522
200959761
200960695
200961020
200961276
200961871
200962019
200962868
200963171
200963228
200963244
200963775
200964453
200965786
200965891
200967861
200968106
200968890
200972332
200972340
200972480
200972855
200972979
200973241
200973282
200973487
200973703
200974122
200974343
200974467
200974548
200975110
200975651
200975791
200976011
200976338
200976737
200977717
200977751
200977792
200978780
200979450
200979701
200980572
200980610
200981021
200981382
200981846
200982222
200985590
200985663
200988107
200988761
200988786
200989340
200990462
200990667
200991991
200992198
200992201
200992341
200992473
200993127
200993402
200994093
200994727
200994859
200995091
204000513
204000726
204000874
204001048
204001161
204001307
204001323
204001331
204001455
204001511
204001641
204001791
204001811
204002141
204002168
204002206
204002419
204002532
204002583
204002753
204003229
204003377
204003474
204003717
204003946
204003954
204004357
204004381
204004632
204004667
204004861
204005248
204005361
204005507
204005663
204005736
204005779
204006023
204006181
204006279
204006295
204006503
204006521
204006694
204006813
204006937
204007021
204007471
204007641
204008069
204008093
204008123
204008328
204008344
204008859
204008913
204009073
204009421
204009677
204009741
204009758
204009782
204009812
204009936
204010047
204010391
204010497
204010969
204011051
204011221
204011809
204012171
204012181
204012198
204012201
204012740
204013615
204014298
204015049
204015545
204016088
204016800
204017238
204017297
204017823
204018005
204018269
204018986
204019389
204019524
204019974
204020001
204020379
204020840
204020891
204021391
204021561
204022649
204022908
204023246
204023831
204024692
204024781
204024846
204025621
204025664
204025680
204025850
204025915
204026075
204026326
204026393
204026822
204026830
204026849
204026911
204026970
204027128
204027578
204028957
204028973
204029066
204029163
204029181
205000649
205001289
205001408
205001688
205002269
205002315
205003214
205003524
205003540
205003613
205003702
205004016
205004245
205004628
205005071
205005225
205005438
205006280
205006531
205007139
205007295
205007716
205008151
205009255
205009700
205009905
205011411
205011683
205011772
205012094
205012787
205012833
205014186
205014232
205014526
205014534
205014631
205014739
205016375
205017088
205017185
205017711
205018025
205018475
205018793
205018904
205018955
205020445
205020577
205020747
205020771
205021220
205021247
205021948
205021980
205022197
205022499
205023762
205024084
205024130
205024939
205025171
205026664
205026761
205027075
205027921
205028322
205028756
205030221
205031013
205031838
205031862
205033581
205033709
205034187
205035035
205035507
205035930
205036392
205036899
205036953
205037811
205038050
205038085
205038441
205039014
205039251
205039294
205039502
205039634
205039820
205040047
205041515
205041760
205041809
205042181
205042678
205043275
205043437
205043577
205045960
205047424
205048277
205050085
205050451
205051901
205052479
205052721
205053858
205054048
205054439
205056512
205057675
205057934
205058019
205058124
205058469
205058493
205058906
205060250
205060900
205064272
205064647
205065023
205065724
205066542
205066550
205067077
205067093
205067573
205068049
205068073
205069819
205075185
205076009
205077986
205084176
205084206
205084400
205084486
205084494
205084524
205084605
205084648
205084656
205084680
205084931
205084966
205085431
205085636
205085792
205085814
205085830
205085997
205086020
205086292
205086705
205087256
205087299
205087434
205087663
205087779
205088384
205088392
205088570
205088732
205089089
205089135
205089208
205089380
205089518
205089641
205089666
205089933
205089984
205090028
205090079
205090291
205090303
205090321
205090648
205090753
205091105
205091199
205091598
205091644
205091921
205092421
205092462
205092667
205092934
205093043
205093396
205093426
205093590
205093711
205093957
205094066
205094155
205094805
205094910
205095348
205095410
205096034
205096093
205096344
205096352
205096654
205097081
205097189
205097741
205097911
205098606
205098622
205098770
205098861
205099221
205099505
205099671
205099718
205099734
205099815
205099874
205100147
205100181
205100309
205100910
205101070
205101100
205101186
205101305
205101313
205101445
205101453
205101496
205101984
205102204
205102591
205102662
205102859
205103316
205103847
205103987
205104487
205104827
205104959
205105025
205105289
205105599
205106013
205106390
205107451
205107745
205108008
206001444
206001479
206001721
206001770
206001975
206002106
206002221
206002238
206002270
206002289
206002300
206002424
206002734
206002777
206003145
206003285
206003366
206003374
206003684
206003730
206004001
206004311
206004559
206004710
206005131
206005253
206005385
206005407
206005458
206005520
206005751
206005814
206006365
206006373
206006489
206006608
206006713
206006861
206006896
206006918
206007094
206007310
206007541
206007647
206007701
206008732
206008759
206008805
206008831
206008880
206009161
206009259
206009348
206009356
206009674
206009951
206010001
206010281
206010389
206010524
206010761
206010796
206011180
206011253
206011326
206011717
206011946
206012055
206012233
206012578
206012799
206012802
206012853
206012993
206013027
206013108
206013310
206013434
206013574
206013949
206014155
206014252
206014309
206014661
206014791
206015399
206015402
206015453
206016409
206016905
206017170
206017480
206017766
206018363
206018444
206018495
206018576
206019076
206019394
206019610
206019653
206019696
206019777
206019963
206020244
206020600
206020864
206021364
206021402
206021720
206022034
206022621
206022824
206023138
206023405
206023766
206023782
206023871
206023928
206023987
206024282
206024673
206024681
206027151
207002053
207002861
207005400
207008701
207009066
207009139
207011001
207014981
207017239
207018421
207019061
207019320
207020663
207020744
207024421
207025029
207025126
207025193
207025320
207025800
207025967
207026076
207026343
207026955
207027641
207027943
207028494
207028591
207028771
207028966
207029067
207029199
207029687
207029873
207030286
207031045
207031169
207031215
207031241
207031258
207031754
207031770
207032351
207032386
207032521
207032548
207032912
207033031
207033080
207033587
207033609
207033625
207033641
207033706
207033838
207033927
207033978
207034133
207034710
207035539
207035628
207035849
207036187
207036373
207036640
207036683
207036691
207036756
207036861
207036942
207037027
207037957
207038430
207038694
207039062
207039607
207039951
207040338
207041156
207041199
207041261
207041271
207041652
207041814
207041830
207042705
207043124
207043337
207043884
207043892
207044211
207044368
207044589
207044694
207045232
207045542
207045615
207045641
207045828
207045852
207046001
207046476
207046611
207046727
207046735
207046761
207046921
207046948
207046956
207047375
207047499
207047502
207047839
207047911
207047928
207048185
207048665
207048754
207048894
207048932
207049076
207049300
207049491
207050007
207050211
207050252
207050554
207050600
207052530
207059462
207060509
208000216
208000542
208000607
208001131
208001484
208001506
208001931
208001999
208002057
208002154
208003797
208003991
208005048
208005528
208005587
208005676
208006494
208007792
208007946
208007970
208008322
208008470
208008871
208008918
208009019
208009698
208010157
208011390
208012011
208012151
208014055
208015213
208015418
208015736
208015914
208016058
208016181
208017194
208020071
208025553
208027904
208028110
208028803
208033981
208035494
208036598
208039317
208040511
208042121
208043667
208045465
208048146
208049169
208049207
208050191
208053670
208054189
208054731
208054820
208055010
208060340
208061495
208062548
208062637
208063862
208064771
208065083
208065202
208065539
208066179
208066756
208066764
208067213
208067388
208067507
208067851
208067981
208068643
208069100
208069161
208069526
208069763
208069801
208069844
208069887
208070168
208070257
208070265
208070311
208070362
208070427
208070656
208070753
208071105
208071261
208071385
208071598
208071695
208072055
208072101
208072144
208072535
208072578
208072616
208072691
208073345
208073353
208073450
208073485
208073663
208073825
208073884
208073914
208074139
208074252
208074376
208074422
208074538
208074724
208075399
208075410
208075542
208075917
208075968
208076018
208076034
208076069
208076085
208076298
208077014
208077022
208077529
208077571
208077677
208077723
208078002
208078053
208078142
208078207
208078444
208078568
208078665
208078983
208079025
208079051
208079165
208079254
208079432
208079580
208079671
208079785
208079874
208080090
208081216
208081291
208081410
208081577
208082069
208082336
208082395
208082611
208082751
208083006
208083693
208083901
208084010
208084071
208090568
208090673
208090940
209001348
209005238
209005521
209006641
209006668
209006897
209009217
209009731
209013461
209013931
209014131
209017562
209017708
209017945
209018410
209018501
209018658
209019921
209020504
209021551
209021731
209021845
209022922
209023244
209023783
209024178
209024437
209024569
209025948
209026049
209026367
209026405
209026626
209027118
209028181
209028394
209030283
209032375
209033045
209033908
209035919
209041439
209042095
209042818
209042877
209044276
209045590
209046406
209046953
209047259
209047402
209047534
209058595
209058617
209058625
209066598
209085746
209085861
209085932
209086092
209086491
209086637
209086701
209087218
209087277
209087285
209087587
209087994
209088281
209088648
209089040
209089741
209090431
209090774
209091207
209091479
209092289
209092491
209092531
209093811
209093862
209098716
209098724
209099402
209099925
209100079
210000031
210000139
210000201
210000376
210000449
210002220
210002646
210003200
210003820
210005424
210005831
210006471
210007230
210008032
210008768
210009063
210010691
210011041
210011211
210011610
210011882
210012358
210012382
210013370
210013788
210014679
210016701
210016973
210017521
210017570
210017899
210018607
210020652
210020751
210021020
210021241
210021993
210022256
210022566
210022681
210023988
210024852
210025131
210025239
210025646
210027800
210028556
210028866
210029544
210030038
210030550
210031433
210032014
210033266
210033691
210033843
210034084
210034793
210035927
210037512
210037581
210037881
210039000
210039019
210039027
210039639
210039681
210039892
210040130
210040726
210041031
210041706
210041811
210042079
210042443
210043326
210044144
210046120
210046831
210047658
210048328
210048816
210048956
210049065
210049375
210049431
210049553
210049979
210050233
210051000
210051094
210052384
210052856
210053501
210054298
210054417
210054441
210054591
210055057
210056411
210057440
210057653
210058579
210059362
210059397
210060174
210060255
210062223
210062649
210062711
210062983
210063432
210063521
210063963
210065011
210065273
210066301
210066865
210067144
210067187
210067551
210068582
210068744
210069325
210070250
210070471
210070714
210070961
210071303
210071354
210071397
210071915
210072199
210073721
210074000
210074213
210074371
210082496
210090855
210093651
210094291
210097639
210097841
210098015
210098422
210098902
210098929
210103124
210111151
210111811
210116013
210200200
210200499
210200502
210201142
210201185
210201886
210202092
210202238
210202971
210203064
210203226
210203250
210203897
210204036
210204214
210204321
210204400
210204613
210205032
210205555
210205601
210206063
210206438
210207426
210207507
210208406
210208491
210208732
210209089
210209135
210209216
210209305
210209798
210210109
210210151
210210206
210210389
210210400
210210435
210211512
210211830
210212421
210212543
210212667
210212764
210213019
210213337
210213345
210213396
210213469
210214163
210215151
210215437
210215453
210215690
210216166
210216344
210216425
210216689
210220872
210222271
211000086
211000442
211000469
211001066
211001112
211001635
211001821
211002569
211002615
211003727
211005290
211005681
211006106
211006378
211007757
211009652
211010081
211010464
211010601
211011304
211011630
211011916
211012793
211014915
211015105
211015237
211015369
211016594
211017191
211017515
211018082
211018120
211018211
211018491
211019895
211020184
211022901
211022942
211023396
211023841
211024104
211024120
211024309
211024503
211025534
211025771
211026360
211028428
211029211
211029459
211031593
211031666
211031763
211032050
211034088
211035076
211035173
211035416
211037230
211037451
211037478
211040231
211040282
211042862
211043168
211043321
211043427
211043869
211044555
211046981
211047619
211048003
211048811
211049115
211049484
211050148
211050873
211051683
211052205
211054313
211054992
211055001
211056030
211056235
211056294
211057436
211057576
211059218
211059811
211060666
211061166
211064750
211065161
211065455
211065919
211066443
211066524
211066664
211067751
211068152
211068802
211069256
211069795
211069825
211069981
211070351
211071171
211071269
211071358
211071420
211071625
211072079
211072931
211073180
211073687
211073741
211074284
211074713
211074721
211077895
211079294
211082295
211089214
211089818
211095516
211097861
211101737
211106844
211109436
211110061
211115991
211116246
211116386
211116394
211116874
211117897
211117919
211118753
211119059
211119563
211119921
211127027
211139467
211139572
211139981
211140597
211140821
211141267
211141380
211141453
211141968
211142204
211142700
211142719
211142794
211142832
211142867
211143014
211144134
211144886
211144991
211145157
211145815
211145882
211146072
211146153
211146242
211146463
211146481
211146552
211146862
211148032
211148121
211148563
211148652
211148970
211148989
211149292
211149772
211149934
211150134
211150177
211150495
211150649
211150681
211150789
211151051
211152285
211152560
211152897
211152927
211152986
211153141
211153605
211153761
211154059
211154261
211154474
211154598
211155519
211155969
211155977
211157139
211157181
211158100
211158909
211162183
211162205
211162231
211162541
211162566
211162620
211162711
212000551
212001019
212001371
212001787
212002767
212002856
212002961
212003577
212004344
212004565
212005332
212005601
212006691
212008382
212009516
212009729
212009931
212010050
212011456
212011571
212011758
212012339
212013246
212015151
212015230
212016131
212016504
212016717
212016881
212016938
212017111
212017896
212018043
212018574
212018590
212019041
212019260
212019503
212021508
212021702
212021974
212022164
212023004
212023020
212023357
212024061
212024361
212024663
212025317
212025627
212026070
212028383
212029096
212030485
212031066
212032577
212032623
212032992
212033042
212033107
212033697
212033832
212035045
212035241
212036351
212037110
212037171
212038354
212038370
212039245
212039687
212039695
212040200
212040804
212041916
212042815
212043986
212045520
212045547
212046470
212046764
212047221
212048260
212050176
212050419
212051075
212051261
212051318
212051350
212051601
212052705
212053108
212053574
212053711
212053744
212054708
212054831
212055003
212055763
212056743
212057911
212058517
212059599
212059610
212059661
212060139
212061321
212061720
212062115
212062141
212063200
212063766
212064363
212064576
212064665
212066404
212066951
212068016
212068075
212069039
212069187
212069217
212069527
212071718
212072064
212072498
212072536
212072706
212073214
212073451
212073710
212075004
212075421
212075829
212076582
212077147
212077899
212077902
212077945
212077953
212077988
212078259
212078925
212079441
212080350
212080512
212080687
212080873
212080911
212081403
212081748
212081764
212082450
212083198
212083521
212083554
212084232
212087193
212087266
212087320
212098594
212098977
212103814
212103903
212109881
212109960
212109979
212110020
212110187
212110195
212110411
212110705
212110748
212110772
212111841
212111930
212112155
212112384
212112392
212112651
212112848
212113763
212117505
212117841
212118781
212122452
212133349
212137026
212137069
212137077
212137158
212137468
212137522
212137549
212138251
212138715
212139193
212139320
212140981
212144790
212144812
212151517
212153846
212154575
212166591
212167413
212167677
212167812
212168274
212168924
212169238
212169262
212169661
212169882
212170295
212170465
212170589
212170767
212170929
212171267
212171410
212171631
212171976
212171992
212172026
212172530
212172662
212172743
212172980
212173881
212174223
212174551
212175041
212175122
212175882
212176031
212176366
212177151
212177338
212177419
212177923
212178024
212178415
212179691
212179829
212180241
212180282
212180312
212180444
212180835
212181300
212181599
212181661
212181939
212182366
212182692
212182765
212182821
212182935
212183311
212183397
212183486
212183771
212185012
212185081
212185489
212186329
212186701
212186736
212188712
212188811
212188895
212189050
212189220
212189700
212190210
212190636
212190741
212191101
212191683
212192140
212201107
212201141
213000725
213001357
213002035
213002485
213002795
213003465
213004372
213004828
213004836
213005761
213005921
213008122
213008696
213010720
213011360
213012529
213012979
213013681
213016370
213016702
213017091
213019116
213019256
213020351
213020696
213020769
213021439
213021994
213034719
213034891
213036320
213037343
213038005
213038870
213040808
213041081
213041359
213041596
213042924
213044641
213045354
213045478
213045753
213046059
213046271
213047918
213049491
213049848
213052423
213054469
213054485
213055058
213055491
213055708
213057875
213057891
213057905
213058197
213059401
213059746
213059797
213059924
213060094
213060965
213061376
213061406
213061546
213062062
213063816
213064782
213064898
213065959
213066408
213067501
213067838
213068291
213068648
213069326
213069350
213069695
213071177
213071746
213072017
213072599
213073137
213073234
213073463
213073676
213074281
213075881
213076136
213076349
213076901
213077264
213077401
213078503
213078651
213078880
213080397
213080443
213081687
213081970
213082411
213082578
213082993
213083507
213084228
213085097
213085399
213085798
213085879
213086077
213086271
213087286
213087502
213088320
213088606
213090627
213090694
213091283
213092026
213092255
213093014
213093863
213094339
213094398
213095068
213095440
213095459
213095580
213096250
213096404
213097567
213097710
213098253
213098326
213098806
213099667
213100290
213100541
213100843
213100861
213100886
213101572
213102722
213103273
213103338
213103370
213104598
213104601
213104636
213104652
213105081
213105357
213105489
213105853
213106000
213106231
213108135
213108445
213108518
213108585
213109263
213110989
213111993
213112183
213112787
213112833
213112841
213113791
213113880
213114704
213115956
213116707
213118823
213118955
213119552
213119961
213120933
213121506
213122596
213122820
213123975
213125439
213126397
213127431
213127512
213128314
213129043
213129051
213129140
213129825
213130149
213130424
213130572
213130874
213131463
213131722
213132117
213132321
213133024
213133377
213133385
213134438
213139685
213141558
213141681
213141752
213151588
213152894
213152959
213153408
213153548
213159600
213159899
213160188
213160226
213161184
213161362
213161559
213162997
214000427
214000532
214001180
214001806
214001938
214002470
214002721
214002942
214003711
214003736
214004937
214005127
214005151
214006379
214006468
214006603
214007138
214008428
214008592
214008983
214009661
214009793
214010643
214011380
214011704
214012964
214014118
214016366
214016382
214016536
214017249
214017907
214017966
214018032
214018407
214018921
214019179
214021041
214022234
214022651
214023400
214023966
214028461
214028984
214029492
214029719
214030202
214030938
214031020
214031578
214031713
214032345
214032469
214032701
214033104
214033295
214033953
214034127
214035621
214035646
214035700
214036006
214036081
214036480
214037142
214037509
214038335
214038602
214038750
214038815
214039171
214040682
214042200
214042359
214042499
214042741
214042911
214043101
214044165
214044671
214045048
214045056
214045609
214045749
214046176
214046494
214047237
214047296
214047441
214047776
214048136
214048292
214048349
214049566
214049620
214050955
214051072
214051161
214051234
214051765
214053504
214053733
214053997
214054063
214054403
214054489
214055108
214055434
214055515
214055698
214055809
214056104
214056295
214056392
214056457
214056661
214056716
214057232
214057968
214058557
214058808
214059189
214059456
214061078
214061108
214066045
214094812
214095428
214095576
214096092
214096319
214096661
214106047
214109305
214130371
214130401
214130509
214130665
214130789
214130940
214131033
214131068
214131084
214131319
214132013
214132064
214132315
214132420
214132730
214133060
214133095
214133184
214133281
214133494
214133753
214133941
214133966
214134105
214134261
214134369
214134490
214134660
214134725
214134768
214134814
214135128
214135357
214135446
214135527
214135608
214135845
214135861
214135985
214136442
214136639
214136868
214136991
214137007
214137651
214137678
214137856
214137880
214137988
214138070
214138380
214138712
214138720
214138852
214138909
214139281
214139557
214139913
214139972
214140202
214140210
214141497
214141810
214142787
214143236
214143686
214144534
214145042
214145948
214146316
215000315
215000994
215001648
215001761
215002091
215002490
215002733
215002776
215003179
215004078
215004248
215004345
215004558
215005082
215005147
215006550
215006925
215007050
215008596
215008790
215008863
215009231
215009517
215009940
215011341
215011910
215012471
215013018
215013281
215013735
215014261
215014375
215014464
215014596
215014626
215014911
215015649
215015797
215015843
215016033
215016157
215016378
215016637
215016661
215017277
215017544
215017986
215018656
215018680
215019393
215019482
215020448
215020758
215020898
215020911
215021053
215021142
215021241
215021541
215022440
215022793
215022866
215022955
215023420
215023757
215024028
215024087
215024346
215024400
215024451
215025415
215025806
215026276
215026731
215026802
215027116
215027752
215028074
215028120
215028538
215029402
215029445
215030788
215030958
215030990
215031156
215031210
215031288
215031458
215031921
215032357
215032829
215033388
215034309
215034392
215034430
215034821
215035313
215035763
215035798
215035895
215035917
215036735
215036980
215038207
215038411
215038533
215038800
215038843
215039432
215040376
215040724
215041127
215041372
215041941
215042387
215042999
215044576
215045157
215045297
215045831
215045858
215046579
215047443
215048407
215056302
215060830
215062116
215065506
215066804
215067339
215068629
215070550
215071794
215072057
215074181
215075803
215089170
215092058
215096142
215150041
215150236
215150287
215150449
215150491
215150805
215150848
215150988
215150996
215151518
215151771
215151860
215152255
215152425
215152697
215153057
215153162
215153340
215153367
215153405
215153634
215153782
215154207
215154381
215154533
215154576
215154592
215154606
215154665
215154673
215156102
215156285
215156714
215156978
215157214
215157540
215157699
215157761
215158148
215158504
215158628
215158830
215159421
215159624
215159640
215159772
215160118
215160312
215160495
215160835
215161009
215161068
215161191
215161858
215162188
215162218
215163044
215163362
215163427
215163631
215163672
215164180
215164342
215164458
215164601
215164652
215164679
215165756
215165985
215166108
215167031
215167066
215167600
215167813
215170921
215175506
216000068
216000467
216000505
216000671
216001293
216001471
216001536
216001651
216002176
216003156
216004403
216004438
216005787
216005973
216006491
216006899
216007216
216007313
216007410
216007429
216007747
216007992
216008451
216008840
216009138
216009596
216009774
216011442
216011558
216011991
216012449
216012694
216012805
216012848
216013372
216014174
216014662
216014824
216014999
216015197
216015308
216016010
216016096
216016282
216016371
216016517
216017602
216018013
216018358
216018404
216018544
216019044
216019427
216019461
216019540
216020743
216021006
216022177
216022320
216022721
216023297
216024056
216024110
216024420
216024722
216025214
216025370
216025435
216026296
216026504
216026652
216026687
216027446
216027691
216028094
216029252
216029457
216029465
216029661
216030005
216030803
216031095
216031117
216031737
216032555
216032717
216033020
216033391
216033535
216033918
216033993
216034711
216034991
216035112
216035341
216035351
216035511
216035767
216035848
216036771
216036879
216037425
216037670
216038057
216039381
216039754
216040256
216041007
216041120
216044251
216044839
216046505
216046777
216047129
216048321
216049059
216049131
216050235
216050545
216050766
216050979
216050995
216051371
216052041
216052335
216052440
216052890
216054192
216054389
216054540
216054982
216055148
216055644
216055873
216055903
216056462
216057027
216057086
216057272
216058031
216058521
216058767
216059275
216059283
216060761
216061156
216061393
216062101
216062241
216062251
216063027
216064473
216064694
216064775
216066761
216067103
216067261
216067278
216067340
216067782
216067812
216068010
216068061
216071501
216071585
216073375
216073537
216073855
216074894
216075432
216075602
216076897
216077982
216087554
216087740
216088801
216090296
216112346
216114403
216119251
216128005
216155053
216155266
216155339
216155401
216155436
216155894
216155916
216156343
216156416
216156531
216157269
216157595
216158001
216158370
216158753
216158893
216159008
216159083
216159164
216159202
216159644
216159792
216159873
216160200
216160308
216160685
216161002
216161142
216161843
216161908
216162041
216162300
216162394
216162408
216162661
216163201
216163269
216163609
216164176
216164672
216165024
216166071
216166160
216166357
216166780
216166861
216167027
216167450
216167469
216167795
216167973
216168112
216168155
216168414
216169410
216169437
216169623
216170028
216170036
216170699
216171016
216171148
216171431
216171695
216171997
216172020
216172111
216172349
216172616
216172985
216173132
216173231
216173566
216173582
216173612
216175054
216175577
216175607
216182700
216183626
216183804
216184010
216184126
216184533
216187303
216188776
216189462
216189675
216189934
217000568
217000770
217000797
217000835
217001947
217001971
217001981
217002072
217002285
217002978
217004075
217004113
217004385
217005391
217005780
217005853
217005888
217005977
217006604
217006876
217007171
217007597
217008313
217008429
217008712
217009948
217010318
217010520
217010849
217011004
217011152
217011217
217011748
217011896
217011969
217012337
217013201
217013244
217014321
217014951
217014968
217015174
217015298
217016243
217016456
217016758
217018041
217018386
217018440
217018734
217019048
217019870
217020453
217020658
217021387
217021786
217022790
217023010
217024327
217024742
217025595
217026052
217026151
217026230
217026508
217026648
217027520
217027547
217027830
217027865
217028081
217028292
217028640
217028691
217028896
217030130
217031544
217031684
217032001
217032265
217032801
217032966
217033342
217033741
217035159
217035671
217035698
217037402
217037429
217037518
217037623
217038514
217039405
217039464
217039499
217039596
217039881
217040640
217041094
217041922
217042181
217042511
217042831
217042953
217043224
217043593
217043895
217043941
217044042
217044050
217044077
217044638
217045022
217045219
217045294
217045383
217045472
217045677
217046045
217046134
217046363
217047106
217048013
217050484
217050875
217051030
217051170
217051294
217051405
217051642
217053637
217053645
217053750
217054137
217054307
217055206
217055281
217055699
217055753
217055974
217058884
217059104
217059511
217059627
217060161
217060323
217060439
217060595
217062131
217063896
217065260
217065708
217066186
217069177
217069789
217069924
217070221
217071635
217072811
217076688
217077242
217077323
217078001
217085271
217086950
217089275
217097588
217109675
217118518
217136400
217136877
217160522
217161170
217161227
217161261
217162071
217162401
217162606
217162983
217163025
217163823
217166032
217166040
217166075
217166121
217166164
217166301
217166407
217166784
217167306
217167373
217167594
217167705
217168205
217168272
217168566
217168957
217169090
217169406
217169945
217170013
217170471
217170579
217170749
217170803
217171273
217171443
217171591
217172555
217172849
217173241
217173365
217173421
217173608
217173748
217174256
217174280
217174310
217174345
217174396
217174426
217174981
217175805
217176100
217176161
217176331
217177042
217177816
217179169
217179411
217179975
217180175
217180272
217180736
217181007
217181211
217181562
217181740
217181902
217181988
217182259
217182542
217182968
217183115
217184235
217184332
217184715
217185274
217191193
217191533
217191541
218000766
218001215
218001711
218002191
218002513
218002637
218003498
218003722
218003765
218003889
218004011
218004206
218004362
218004877
218005458
218005970
218006081
218006330
218006640
218007043
218007272
218007299
218007914
218008279
218008953
218009240
218009402
218009828
218009992
218010389
218011393
218011441
218011921
218012098
218012667
218012802
218013183
218013604
218013663
218013965
218014112
218014988
218015194
218015976
218015992
218017340
218017677
218017804
218018223
218018312
218018320
218018754
218019025
218019068
218020082
218020511
218021119
218021321
218021720
218022001
218023588
218023731
218023804
218024479
218024622
218025297
218025572
218025580
218025947
218026102
218026730
218027796
218028393
218028520
218029101
218029624
218029993
218031122
218031394
218031939
218031998
218032021
218032390
218032846
218032961
218033400
218033923
218033974
218034040
218034091
218034636
218035391
218035764
218035901
218037791
218037848
218037856
218037961
218038410
218038534
218038542
218039182
218039263
218039573
218039638
218039905
218039956
218040581
218040660
218041217
218041470
218041497
218041829
218041969
218042401
218043041
218043236
218043759
218043848
218044070
218044372
218044836
218044976
218045220
218045441
218046871
218046979
218047398
218047487
218047495
218047746
218048122
218048785
218049668
218050593
218051069
218051425
218051751
218051816
218052243
218052278
218052405
218052782
218053576
218053592
218053827
218053878
218054092
218054114
218054432
218054858
218054947
218055404
218056461
218056583
218057301
218057334
218057891
218058276
218058330
218058365
218058438
218058586
218058871
218059353
218059930
218060051
218060343
218060548
218061390
218062605
218063539
218064713
218065248
218066058
218066317
218068141
218068999
218076983
218077203
218077491
218077572
218079291
218080565
218081251
218081421
218082622
218083092
218083874
218084072
218084110
218084188
218084749
218084838
218085303
218091011
218118155
218119161
218123558
218127545
218128428
218134568
218134878
218135807
218137222
218140037
218140320
218140509
218141173
218141289
218141807
218142161
218142293
218142511
218143087
218143737
218144016
218144229
218144261
218144369
218144441
218144581
218144636
218144717
218144830
218144873
218144962
218144997
218145209
218145233
218145314
218145462
218145667
218145969
218145985
218146140
218146523
218146701
218146752
218146851
218147538
218147589
218147813
218148135
218148331
218148585
218148739
218148852
218149451
218149743
218149778
218150768
218150903
218150970
218151055
218151179
218151217
218151251
218151454
218152604
218152752
218153112
218153465
218153521
218153686
218153732
218153740
218154089
218154909
218155026
218155093
218155281
218155344
218156014
218156200
218156847
218156881
218157541
218157770
218157916
218159277
218159455
218159625
218159706
218159978
218160046
218160143
218160305
218160747
218160763
218160801
218160844
218160941
218161212
218161565
218161719
218162235
218162308
218162324
218162332
218162431
218162707
218163169
218163290
218163568
218163789
218163959
218164211
218164327
218164920
218165269
218168871
218173113
218175191
219000891
219001510
219001812
219003599
219003858
219004145
219004161
219004781
219005060
219005631
219006245
219006539
219006822
219006857
219007357
219008086
219008361
219008371
219008442
219008639
219009872
219009945
219010153
219010218
219011443
219011710
219012121
219012229
219012581
219012997
219013764
219013950
219014671
219015163
219015201
219015821
219016305
219016550
219016755
219017255
219017311
219017395
219017611
219017921
219018049
219018278
219018723
219019029
219019673
219019932
219019940
219020086
219020132
219020299
219020647
219020663
219020868
219021570
219021716
219022496
219023166
219023492
219023751
219024049
219024464
219025827
219026580
219026963
219027226
219027439
219027481
219027781
219028133
219028141
219028389
219028613
219029199
219029725
219029792
219030049
219030197
219030588
219030820
219031231
219031606
219031673
219031797
219031851
219032475
219033161
219033481
219035326
219035415
219035962
219036004
219036055
219036071
219036268
219036632
219036713
219036721
219037590
219038082
219038295
219039259
219039933
219039941
219040303
219040419
219040680
219041040
219041199
219041326
219042209
219043132
219044325
219044759
219045003
219045161
219045577
219045704
219045887
219045917
219046255
219046980
219047881
219048207
219048444
219048592
219048886
219048991
219049505
219049637
219049750
219050546
219051186
219051208
219051968
219051976
219051992
219052174
219052239
219052328
219052379
219053741
219053952
219054177
219054541
219054924
219055653
219055807
219055939
219056021
219056129
219056706
219057176
219057257
219057672
219057893
219058466
219058628
219058725
219058903
219059071
219059098
219059675
219059705
219060071
219060142
219060479
219061051
219061262
219061955
219063011
219063427
219063974
219064229
219066000
219066213
219066310
219066426
219066434
219066442
219066493
219066711
219066868
219066922
219066965
219067783
219068437
219068879
219070199
219075522
219079277
219079358
219079420
219079617
219079870
219122644
219122687
219122946
219123705
219124612
219124681
219125260
219125406
219125449
219125716
219126526
219127751
219127840
219129630
219180131
219180581
219181144
219181251
219181349
219181616
219181675
219181731
219181772
219181861
219182191
219182566
219182711
219182795
219183279
219183287
219183491
219184410
219184437
219184542
219184860
219185069
219185077
219185158
219185212
219185727
219185778
219186189
219186723
219186812
219186847
219186855
219187002
219187126
219187258
219187746
219188084
219188211
219188459
219188696
219188882
219189110
219189285
219189641
219189676
219190038
219190887
219191182
219192219
219192553
219193142
219193169
219193177
219193304
219193428
219193797
219194084
219194955
219195218
219195293
219195341
219195757
219195781
219195862
219196028
219196389
219196699
219196745
219196796
219197318
219197369
219197921
219198772
219198871
219199124
219199612
219199701
219199892
219200343
219200890
219200955
219200998
219202222
219204098
219204195
219204357
219204977
219205108
219209502
219210152
219210901
219214689
219216381
219216487
220000115
220011613
220025487
220029271
220030405
220030790
220031215
220031568
220031878
220031932
220032505
220033201
220034771
220035385
220035474
220035733
220036594
220037426
220037469
220037566
220037647
220041431
220043795
220043930
220053146
220053561
220055645
220059764
220060797
220061165
220068641
220074356
220074658
220075336
220076669
220077010
220079031
220088993
220092338
220092346
220092427
220092451
220092613
220092710
220092737
220092796
220092834
220092941
220092982
220093032
220093261
220093318
220093334
220093369
220093407
220093415
220093431
220093520
220093547
220093601
220093611
220093725
220093741
220093822
220093830
220093881
220093911
220094081
220094349
220094403
220094411
220094421
220094470
220094500
220094519
220094594
220094608
220094632
220094705
220094713
220094772
220094829
220094837
220094934
220095132
220095248
220095256
220095264
220095280
220095310
220095337
220095426
220095477
220095701
220095752
220095779
220095884
220095949
220095973
220096015
220096058
220096090
220096139
220096287
220096376
220096597
220096627
220096635
220096643
220096651
220096805
220096821
220096929
220096945
220096953
220096988
220097038
220097089
220097151
220097232
220097240
220097275
220097321
220097488
220097577
220097593
220097933
220097941
220098085
220098409
220098441
220098476
220098557
220098565
220098611
220098670
220098743
220098824
220098964
220099006
220099073
220099170
220099219
220099243
220099294
220099375
220099448
220099472
220099553
220099561
220099601
220099642
220099766
220099995
220100209
220100225
220100233
220100306
220100578
220100632
220100659
220100748
220100799
220100853
220100993
220101000
220101051
220101086
220101140
220101175
220101191
220101221
220101256
220101353
220101450
220101485
220101515
220101663
220101671
220101701
220101744
220101795
220101817
220105375
220105413
220105634
220105960
220106339
220106797
220106843
220108978
220122407
220127719
220133700
220153639
220156131
220158223
220161501
220170274
220170460
220170495
220170551
220170584
220170630
220170691
220170721
220170789
220170835
220170878
220170894
220170932
220170940
220170967
220170975
220171017
220171051
220171092
220171149
220171211
220171238
220171319
220171335
220171351
220171378
220171394
220171408
220171416
220171440
220171475
220171483
220171513
220171531
220171572
220171580
220171602
220171629
220171671
220171742
220171785
220171815
220171841
220171866
220171874
220171939
220171955
220171998
220172056
220172064
220172080
220172110
220172137
220172153
220172171
220172188
220172201
220172218
220172234
220172242
220172250
220172277
220172293
220172307
220172315
220172341
220172420
220172560
220172579
220172595
220172609
220172641
220172692
220172714
220172773
220172781
220172811
220172838
220172986
220173141
220173214
220173265
220173273
220173281
220173346
220173389
220173397
220173419
220173478
220173486
221002782
221005196
221006494
221006648
221012060
221022821
221026932
221034501
221038264
221051414
221052321
221055401
221061762
221062191
221063250
221063366
221063412
221063498
221063579
221064842
221065342
221066624
221066896
221067426
221067485
221067884
221067991
221068120
221068211
221068228
221068236
221068333
221068351
221068368
221068449
221068554
221068562
221068600
221068775
221068831
221068848
221068880
221068910
221068988
221068996
221069100
221069119
221069151
221069208
221069331
221069607
221069615
221069658
221069763
221069798
221069836
221069844
221069976
221070052
221070060
221070079
221070117
221070176
221070214
221070222
221070321
221070397
221070435
221070524
221070583
221070664
221070761
221070771
221071032
221071148
221071164
221071180
221071261
221071369
221071407
221071423
221071512
221071539
221071636
221071709
221071830
221071857
221071881
221071911
221071921
221071946
221072004
221072055
221072225
221072330
221072357
221072373
221072381
221072500
221072616
221072721
221072810
221072829
221072969
221073043
221073361
221073493
221073515
221073523
221073566
221073582
221073590
221073736
221073760
221073851
221073892
221073949
221073973
221073991
221074279
221074813
221076093
221076190
221076409
221076468
221076506
221076530
221076565
221076581
221076670
221076794
221076808
221076824
221076840
221076905
221076931
221077057
221077162
221077170
221077219
221077227
221077308
221077340
221077359
221077480
221077561
221077634
221077642
221077650
221077685
221077693
221077766
221077790
221077871
221077898
221077911
221077952
221078045
221078185
221078231
221078274
221078312
221078355
221078444
221078533
221078592
221078614
221078657
221078665
221078703
221078746
221078827
221078835
221078861
221078991
221079173
221079221
221079246
221079289
221079297
221079319
221079327
221079408
221079483
221079513
221079564
221079572
221079580
221079602
221079610
221079629
221079688
221079718
221079726
221079734
221079750
221079793
221079866
221079882
221079963
221079981
221080074
221080139
221080201
221080260
221080384
221080392
221080511
221080570
221080635
221080643
221080724
221080971
221080988
221081070
221081224
221081232
221081283
221081348
221081410
221081461
221081496
221084363
221084398
221090071
221112421
221112634
221112855
221113894
221113916
221113975
221113983
221114238
221134883
221135669
221142827
221175873
221186743
221186751
221186816
221186875
221186883
221186948
221186999
221187251
221187308
221187324
221187391
221187480
221187561
221187601
221187626
221187715
221187804
221187820
221187839
221187855
221187952
221187995
221188010
221188029
221188045
221188053
221188071
221188193
221188223
221188320
221188355
221188363
221188381
221188444
221188517
221188614
221188657
221188738
221188770
221188940
221188959
221188983
221189025
221189114
221189165
221189203
221189246
221189297
221189327
221189424
221189440
221189661
221189671
221189718
221189742
221189777
221189831
221189920
221189939
221189947
221189955
221189963
221190007
221190041
221190058
221190120
221190139
221190147
221190198
221190309
221190414
221190457
221190546
221190627
221190643
221190678
221190732
221190805
221190831
221190961
221191003
221191046
221191097
221191135
221191208
221191232
221191267
221191313
221191380
221191461
221191471
221192697
221193170
221193502
222008229
222008717
222019891
222024933
222027924
222031001
222040033
222040084
222040114
222040149
222040181
222040191
222040203
222040211
222040221
222040238
222040246
222040254
222040262
222040270
222040351
222040408
222040416
222040424
222040467
222040671
222040718
222040726
222040777
222040793
222040815
222040831
222040874
222040904
222040963
222040971
222040981
222041021
222041031
222041064
222041099
222041153
222041161
222041196
222041250
222041269
222041412
222041447
222041528
222041536
222041617
222041706
222041714
222041791
222041811
222041821
222041846
222041854
222041870
222041900
222041951
222041978
222041986
222041994
222042028
222042052
222042109
222042117
222042125
222042168
222042192
222042206
222042230
222042257
222042265
222042273
222042419
222042427
222042443
222042461
222042486
222042567
222042575
222042583
222042656
222042680
222042788
222042796
222042801
222042869
222042915
222042941
222042958
222043008
222043032
222043075
222043083
222043131
222043148
222043271
222043326
222043342
222043350
222043377
222043393
222043458
222043466
222043474
222043520
222043547
222043679
222043709
222043725
222043733
222043768
222043806
222043849
222043857
222043865
222043938
222043946
222043954
222044020
222044101
222044111
222044195
222044241
222044251
222044268
222044284
222044292
222044306
222044322
222044330
222044349
222044462
222044500
222044535
222044616
222044640
222044667
222044683
222044705
222044764
222044780
222044871
222044896
222044977
222044985
222045019
222045027
222045035
222045061
222045078
222045086
222045124
222045132
222045159
222045167
222045183
222045191
222045310
222045434
222045515
222045541
222045558
222045574
222045620
222045647
222045663
222045760
222045787
222045795
222045809
222045841
222045851
222045868
222045906
222045914
222045949
222046007
222046015
222046041
222046058
222046104
222046139
222046155
222046198
222046211
222046252
222046287
222046317
222046325
222046333
222051566
222051779
222051787
222052929
222052953
222052971
222054131
222054441
222055154
222056487
222056924
222058617
222063408
222069090
222075481
222080663
222087773
222087838
222087846
222088125
222088311
222088400
222088621
222088648
222089113
222089377
222089466
222089598
222089768
222089849
222089891
222089911
222091681
222094370
222097310
222099267
222101301
222110538
222116943
222117818
222118075
222123710
222151838
222155795
222155825
222155841
222155851
222155868
222155876
222155884
222155892
222155922
222155930
222155957
222155973
222156015
222156023
222156041
222156058
222156066
222156082
222156090
222156104
222156147
222156181
222156211
222156228
222156236
222156279
222156287
222156295
222156333
222156341
222156368
222156414
222156473
222156481
222156491
222156503
222156521
222156538
222156546
222156554
222156597
222156600
222156643
222156651
222156686
222156694
222156716
222156724
222156805
222156821
222156848
222156856
222156864
222156872
222156902
222156910
222156945
222156953
222156971
222156996
222160519
222161043
222161061
222161078
222161140
222161159
222161183
222161191
222161205
222161213
222161248
222161256
222161272
222161280
222161302
222161477
222161493
222161507
222161523
222161566
222161582
222162937
222165189
222171235
223022780
223027421
223046541
223047120
223047384
223048283
223048577
223049751
223049891
223050652
223050873
223051047
223051543
223052541
223052698
223063746
223063754
223063789
223063800
223063827
223063851
223063861
223063924
223064009
223064025
223064051
223064106
223064114
223064157
223064165
223064173
223064191
223064221
223064254
223064327
223064351
223064378
223064467
223064483
223064531
223064564
223064580
223064599
223064653
223064661
223064671
223064696
223064750
223064769
223064785
223064793
223064874
223064890
223064963
223065005
223065021
223065048
223065072
223065080
223065099
223065102
223065145
223065226
223065242
223065250
223065269
223065277
223065382
223065390
223065455
223065481
223065511
223065544
223065579
223065587
223065595
223065609
223065633
223065641
223065692
223065722
223065749
223065757
223065773
223065821
223065919
223065927
223065961
223066001
223066028
223066036
223066052
223066060
223066087
223066095
223066117
223066125
223066133
223066168
223066192
223066214
223066222
223066230
223066257
223066265
223066281
223066346
223066354
223066362
223066370
223066400
223066435
223066486
223066516
223066540
223066575
223066591
223066605
223066699
223066702
223066771
223066801
223066818
223066877
223066885
223066907
223066915
223066941
223066958
223066966
223066974
223066982
223067016
223067024
223067032
223067040
223067105
223067164
223067245
223067271
223067301
223067350
223067369
223067377
223067393
223067407
223067441
223067466
223067520
223067547
223067571
223067601
223067611
223067644
223067687
223067709
223067733
223067768
223067806
223067873
223067911
223067921
223067938
223067946
223067970
223068004
223068039
223068055
223068071
223068098
223068136
223068187
223068209
223068217
223068225
223068284
223068306
223068314
223068322
223068365
223068373
223068403
223068411
223068497
223068527
223068535
223068586
223068608
223068616
223068640
223068659
223068675
223068683
223068705
223068731
223068748
223068871
223069221
223069388
223069450
223069787
223070122
223070181
223070386
223070416
223070882
223077372
223081795
223095877
223096131
223104027
223104558
223105139
223105236
223110027
223126640
223153915
223153958
223154032
223154091
223154105
223154121
223154172
223154210
223154237
223154245
223154253
223154271
223154318
223154334
223154385
223154393
223154407
223154415
223154441
223154466
223154504
223154520
223154581
223154601
223154611
223154636
223154709
223154717
223154733
223154768
223154806
223154814
223154822
223154849
223154921
223154946
223154962
223154970
223154997
223155004
223155039
223155055
223155098
223155111
223155136
223155160
223155179
223155187
223155217
223155241
223155276
223155306
223155373
223155462
223155470
223155497
223155527
223155551
223155561
223155578
223155586
223155608
223155616
223155632
223155640
223155659
223155683
223155705
223155721
223155731
223155756
223155772
223155780
223155799
223155810
223155829
223155837
223155845
223155896
223155918
223155926
223155950
223155977
223155985
223156000
223156027
223156051
223156078
223156086
223156108
223156124
223156167
223159999
223162604
223171123
224008528
224025694
224026331
224027948
224042254
224047132
224047566
224047663
224048007
224048041
224048211
224048333
224048406
224048457
224048491
224049321
224050028
224050443
224050613
224051172
224052152
224052578
224053868
224054023
224054414
224054783
224054864
224055070
224055879
224057278
224059661
224059777
224059815
224060309
224060491
224061453
224062530
224062832
224062980
224062999
224063278
224063634
224064355
224064533
224064886
224065191
224075128
224077260
224078372
224078445
224078488
224078518
224078593
224078631
224078641
224078674
224078690
224078755
224078781
224078828
224078844
224078879
224078895
224078933
224078968
224078984
224079050
224079077
224079085
224079093
224079115
224079141
224079174
224079182
224079190
224079204
224079212
224079247
224079263
224079298
224079301
224079360
224079379
224079387
224079409
224079441
224079451
224079468
224079492
224079514
224079557
224079565
224079573
224079581
224079603
224079611
224079778
224079794
224079808
224079816
224079824
224079867
224079891
224079921
224079980
224080008
224080024
224080067
224080083
224080164
224080180
224080253
224080261
224080296
224080318
224080326
224080334
224080342
224080407
224080441
224080474
224080490
224080520
224080563
224080644
224080687
224080717
224080733
224080751
224080849
224080865
224080873
224080881
224080903
224080938
224080954
224081012
224081055
224081081
224081128
224081160
224081195
224081233
224081268
224081314
224081330
224081365
224081373
224081381
224081391
224081421
224081438
224081454
224081543
224081561
224081624
224081691
224081721
224081764
224081861
224081969
224082043
224082094
224082116
224082175
224082213
224082231
224082256
224082272
224082310
224082353
224082434
224082620
224082647
224082681
224082701
224082728
224082760
224082787
224082851
224083155
224083198
224083236
224083317
224083333
224083376
224083414
224083473
224083511
224083661
224083708
224083805
224083929
224083961
224083988
224084003
224084097
224084194
224084291
224084410
224084429
224084445
224084526
224084623
224084666
224084704
224084739
224084747
224084781
224084798
224084811
224084860
224084879
224084968
224084984
224084992
224085042
224085141
224085158
224085174
224085182
224085190
224085204
224085212
224085239
224085255
224085263
224085301
224085336
224085360
224085395
224085441
224085514
224085522
224093274
224095250
224095269
224097751
224101811
224101846
224102176
224102311
224102672
224102710
224102877
224103131
224103172
224103288
224103431
224110195
224124560
224124757
224140043
224140272
224141007
224150421
224152181
224152191
224152221
224152238
224152246
224152300
224152319
224152327
224152335
224152343
224152432
224152467
224152475
224152491
224152505
224152521
224152572
224152599
224152629
224152637
224160893
224161547
224161563
224161598
224161611
224161628
224161679
224161695
224161717
224161725
224161768
224161784
224161792
224161822
224161849
224161857
224161865
224161903
224161911
224161921
224161954
224161962
224161970
224161989
224161997
224162055
224162101
224162128
224163019
224163043
224168861
224168886
224168894
224168924
224168940
224168991
224169009
224169033
224169041
224169051
224169068
224169076
224169092
224169114
224169165
224169297
225029286
225029472
225029979
225030233
225030721
225030985
225031078
225031612
225031991
225032211
225032570
225032635
225033259
225033291
225034220
225034891
225035049
225035642
225036436
225037017
225037041
225037238
225038171
225038846
225038854
225039141
225039397
225040417
225040956
225041472
225041669
225042061
225042746
225042894
225043238
225043254
225044013
225045631
225045931
225096323
225096404
225096498
225096528
225096536
225096544
225096552
225096560
225096579
225096676
225096692
225096714
225096765
225096862
225096900
225096935
225096943
225096978
225096994
225097001
225097109
225097176
225097257
225097273
225097303
225097400
225097435
225097461
225097494
225097508
225097516
225097524
225097559
225097575
225097680
225097771
225097907
225097923
225097931
225097941
225097982
225097990
225098016
225098059
225098067
225098199
225098407
225098415
225098423
225098466
225098504
225098539
225098555
225098563
225098581
225098601
225098636
225098660
225098768
225098792
225098849
225098865
225098881
225098938
225098954
225098962
225099152
225099187
225099225
225099322
225099446
225099489
225099497
225099500
225099527
225099594
225099624
225099675
225099683
225099764
225099780
225099799
225099845
225099853
225099871
225099888
225099934
225100029
225100061
225100096
225100101
225100169
225100185
225100207
225100258
225100312
225100355
225100371
225100381
225100398
225100411
225100444
225100452
225100487
225100509
225100541
225100568
225100584
225100614
225100665
225100691
225100738
225100789
225100800
225100835
225100843
225100851
225100861
225100932
225100967
225100983
225101009
225101051
225101238
225101300
225101343
225101386
225101491
225101548
225101599
225101629
225101637
225101696
225101734
225101777
225101912
225101939
225102064
225102080
225102110
225102129
225102171
225102285
225102293
225102307
225102331
225102358
225102412
225102447
225102536
225102552
225102579
225102668
225102684
225102757
225102781
225102791
225102803
225102838
225102889
225102935
225103011
225103036
225103044
225103087
225103206
225103214
225103265
225103321
225103338
225103443
225103478
225103516
225103540
225103559
225103631
225103648
225121301
225125420
225125511
225125641
225125773
225125811
225125846
225126192
225126230
225126419
225126737
225126850
225158108
225158132
225158159
225158175
225158205
225158213
225158221
225158302
225158310
225158329
225158353
225158361
225158371
225158388
225158418
225158469
225158477
225158493
225158523
225158531
225158541
225158566
225158574
225158620
225158647
225158701
225158711
225158728
225158851
225158868
225158884
225158892
225158914
225158973
225158991
225159015
225159023
225159031
225159066
225159120
225159147
225159163
225159181
225159198
225159228
225159260
225159295
225159376
225159392
225159406
225159465
225159538
225159562
225159570
225159589
225159619
225159678
225159716
225159732
225159767
225159775
225159783
225159813
225159821
225159848
225159856
225159880
225159910
225159953
225159971
225159988
225159996
225160005
225160021
225160031
225160056
225160102
225160145
225160250
225160269
225160285
225160307
225160315
225160404
225160455
225160471
225160501
225160528
225160536
225160560
225160595
225160668
225160676
225160684
225160706
225160714
225161141
225161222
941003140
941003213
941006484
941007073
941007286
941007812
941009548
941011674
941014541
941015858
941016072
941016641
941019802
941020029
941020061
941020398
941020495
941022684
941022889
941023001
942000129
942000511
951000462
951000489
951000705
951001809
951002414
951002600
951002619
951002716
951003135
951003267
951003275
951003283
951003925
951003951
951004328
951004395
951004522
951004875
951004972
951005464
951006096
951006177
951006975
951007971
951008560
951008595
951008757
951008919
951008951
951009133
951009613
951009702
951009834
951009915
951010281
951010409
951010441
951010816
951010867
951011014
951011502
951011545
951012169
951012355
951012363
951012541
951012568
951013173
951013769
951014129
951014560
951014773
951014927
951015001
951015508
951016016
951016792
951016989
951018094
951018140
951018329
951018353
951019120
951019244
951019910
951020080
951020821
951024841
951027700
951027735
951027840
951028510
951028529
951028685
951028936
951029037
951030752
951031066
951031775
951033441
951033980
951034091
951034650
951036327
951039164
951046187
951047361
951047981
961000317
961000831
961001968
961002875
961003235
961003294
961003510
961003839
961004053
961004347
961004479
961004525
961004835
961004908
961005890
961006803
961007184
961007311
961008512
961008792
961010525
961010681
961011637
961011671
961011742
961016302
961016906
961016965
961017600
961018860
961019204
961019751
961021160
961021543
961021748
961023481
961023821
961024100
962000681
971000141
971003122
971003130
971003165
971003335
971003343
971003386
971003440
971003467
971003483
971003491
971003505
971003513
971003521
971003564
971003580
971003629
971003653
971003688
971003696
971003701
971003742
971003841
971003866
971003874
971003890
971003912
971003920
971003939
971003947
971003955
971003971
971003981
971003998
971005354
971005427
971005567
971005575
971005664
971005680
971008442
971018634
971018758
971020371
971020507
971020671
971020701
971020817
971023093
971023107
971023883
971026947
971027005
971027358
971027374
971027382
971027390
971027404
971027412
971027528
971028133
971034958
971035342
971035611
981001106
981001718
981003801
981011349
981013112
981013252
981015263
981019730
981020569
981028578
981033156
981035205
981035760
981036287
981036295
981036317
981036341
981036368
981036384
981036414
981036465
981036562
981036570
981036651
981036716
981036724
981036759
981036783
981036791
981036821
981036831
981036848
981036872
981036902
981036910
981036945
981036961
981036971
981036988
981037003
981037011
981037038
981037046
981037054
981037089
981037161
981037194
981037224
981037267
981037291
981037321
981037356
981037364
981037501
981040020
981040047
982000197
982000480
982000677
991000791
991001540
991002083
991002520
991005279
991005325
991006852
991007344
991008421
991008472
991009861
991010418
991010493
991011031
991013344
991014979
991015381
991015428
991015738
991018303
991018451
991019393
991019628
991020170
991021215
991021266
991021525
991021576
991021691
991021819
991022191
991023129
991024907
991025059
991025210
991025431
991025598
991025921
991026314
991026470
991026691
991027851
991028112
991029127
991029267
991029275
991029372
991029879
991030133
991030206
991031202
991031301
991031830
991032713
991032748
991033019
991033175
991033809
991033825
991034260
991035313
991035399
991036212
991036425
991037359
991038622
991039041
991039548
991039629
991039955
991039981
991040015
991040041
991040155
991040287
991040309
991040341
991040384
991040473
991040503
991040600
991041089
991041143
991041161
991041331
991041895
991041951
991042239
991042336
991042654
991042662
991042786
991043405
991043901
991044193
991044436
991044614
991045017
991045696
991045769
991052013
991052021
991052188
991052439
991056590
992008395
992008492
992009197
992009324
992009790
992010071
992010128
992010292
992010551
992010608
992010632
992010640
992011221
992011272
992011507
992012163
992012325
992012376
992013208
992013410
992013453
992014069
992014174
992014239
992014417
992014875
992014891
992015405
992015901
992016134
992016703
992017009
992017335
992017491
992017505
992017548
992017671
992017701
992017734
992017904
992018153
992018161
992018226
992018439
992018501
992018609
992018854
992018951
992018986
992019060
992019508
992019516
992019524
992019532
992019915
992020141
992020263
992020271
992020298
992020328
992020360
992020451
992020476
992020956
992020980
992021006
992021065
992021421
992021529
992021790
992022541
992022691
992022843
992022975
992023106
992023793
992025524
992025850
9795157